"y" "x1" "x2" "x3" "x4"
17.6045657385802 8.03716572624704 3.12484575830043 2.39232505192468 1
18.4668486522659 7.28179354313278 2.06511976251272 2.48584789708498 1
23.7646641027666 7.67180195609003 3.00471611371135 0.528411750924005 1
16.7642421635778 8.01455536836448 2.34111585651239 1.88855781783488 1
19.4322147084889 7.59071557285978 1.91822779023809 0.73802810829382 1
17.5100507533397 6.49096733993908 2.73888566783972 2.43213240730561 1
20.2472505593048 7.59227988801504 2.92757806010656 1.4475553409842 1
19.5969089121212 7.25183090153777 2.33896448139512 2.02539332789705 1
21.4844902030902 8.33585645541141 3.08371679835373 1.02829468912943 1
18.3517704441861 6.75955096074122 1.94936774258971 -0.338623898569144 1
17.9461247528119 6.90783724703408 2.6378242957983 0.57537566914291 1
17.3800632727971 7.40425739842336 2.76667388450843 0.892648013206628 1
12.8093171286164 6.47377822444982 0.50627315519338 -0.0284574055408346 1
16.2149465522143 7.03541160173616 1.19517558174249 -0.69568878214649 1
13.3564965371663 6.2779620199646 1.16274866402641 1.04564399095446 1
13.5769749453348 5.35483949065379 0.952578123742331 1.4179057818379 1
18.2741175384379 6.71025463290237 1.92854532050937 0.409451341853721 1
17.006328471917 6.60369519780684 2.17114908211284 1.02958263085189 1
16.8522865732587 5.94418920596054 2.58523531617183 1.05422700565609 1
16.9912714093924 5.48206383572047 1.50686638072055 0.0117282657233326 1
9.90194643260011 4.66925453188638 -1.11894263607001 -0.245937113386161 1
17.6649623504947 6.99348156742537 3.24117151636209 3.18997750342566 1
14.9485716449887 6.62566953579591 1.0338239904492 0.441716165198838 1
22.9245925216142 7.83363650879407 3.25921148171021 0.722626967373194 1
20.1093885109425 8.79008191760745 2.63020879175928 2.529954922012 1
17.4817779100032 6.99216978410446 2.29930316128935 1.29100033800392 1
17.8704935583164 6.43362455785088 2.94282612618559 1.71686998260619 1
13.0785809541533 6.33778382899584 0.835289803268131 0.617703858422686 1
12.2304765384944 6.62871596938889 0.983855059052279 0.440747284883126 1
17.6134427839264 7.9029793551874 1.65142580912341 0.961983370385671 1
17.1859886225426 6.33157991710245 1.65832830379672 0.696654561746013 1
16.8285341773846 6.96008524496042 1.64898163198856 1.3110665490944 1
14.7322219064067 5.99213371563984 1.01665842659326 -0.229296626951675 1
14.867424696661 6.38047444896756 1.4480034018667 1.48474521084918 1
13.3235012298159 6.45765333814338 0.502075005815162 0.772941489422289 1
17.054733470608 7.02611960999346 2.07375887865597 0.551861237588722 1
17.9395136965295 8.05518360272934 2.55640407058617 2.41852057394763 1
13.9934234106594 7.85192929137126 2.36464844131063 1.44070633036253 1
15.2452907195206 7.79162257775183 2.77777586220799 1.59623619187121 1
11.590705338188 6.98100767951322 0.856757278906582 0.671105250470679 1
9.62033303753752 6.80333389626966 1.36674901262095 1.53905061411198 1
15.060562670023 7.29481537647262 3.32963812066837 2.43494713961506 1
10.1941718259063 5.8803614667843 1.64468284300246 1.78702183319179 1
15.289222226425 8.13797176718636 3.40518893407635 2.51112074783905 1
13.3817226363434 7.2269419977804 3.12165539682636 2.0675040906124 1
11.1794055898602 6.32428976953916 0.417979278973114 -2.23330697883828 1
14.1738928027214 6.1653301284726 2.2248502622151 0.952953529172795 1
15.0415613575593 8.40036518737715 2.78186083545275 1.68209925719804 1
16.1861014480825 7.47734745489808 2.31390871142527 -0.0035709680971121 1
14.1311407967207 6.1831608822602 2.12480761084741 0.716523361682071 1
15.2661116799353 7.04529283338338 2.51287886742226 0.649420026366154 2
16.0157872067669 9.07934092543729 2.71738393694402 0.525961843128726 2
14.8848788924629 6.95407164131854 1.98236817912953 0.644465958261343 2
60.9990217560237 7.83199646563589 1.84682478366504 0.988440283261247 2
7.76252703106845 3.59043131780951 -0.326367939671897 0.363586521009213 2
14.202117259322 7.74021692412949 3.03224676787242 2.44285459681226 2
16.1002936338637 7.30927054784385 3.03302581262395 0.457613965758444 2
15.2600390084151 7.03620045699332 1.70897979239269 0.431950348638683 2
18.6772537729245 8.93596843494891 3.43340410156483 1.37530678604387 2
17.7703885602636 8.33759033091894 2.53613383868368 1.23615613022668 2
13.9192156131886 6.99236460953341 1.96875821411923 0.339343836272989 2
8.15874597146241 6.06666697676063 -0.115417441697085 -0.240648845296463 2
13.1034003114466 6.43443405327127 0.96979881711778 -0.299851272352667 2
11.974208879873 6.7922071078743 1.90661881329507 1.38212635561492 2
15.3788679545183 6.77908472625504 1.34347753354281 -0.527465196116287 2
10.6803900553821 6.71514956385454 1.19085495969 0.0401130695780639 2
13.4746734021845 6.43630298355188 1.4079863939896 0.842164406453362 2
12.2430222362728 6.66949720960818 1.77330703177107 -0.117051745691957 2
14.3724503677672 8.1481261179982 2.25943310259268 1.27220841234957 2
10.9997030371863 7.66651311405519 2.45591560745256 2.71402112241942 2
12.1245224445665 7.18248694374582 1.91075321581146 1.74109955020499 2
19.5048255355629 10.1633306466582 3.24425979447587 1.60036575275774 2
9.14384219073314 6.52096681639852 -0.142582356556943 -0.423738763120186 2
8.19350968879567 5.27383835864171 -0.0498121178663271 -0.851413698896138 2
8.02286071694381 6.22374602765773 0.477866662194497 -0.45024233668692 2
9.53261737370114 6.76875647955904 0.844576186281728 0.813382775240519 2
14.3282197221351 8.16148334559632 3.68078184913436 2.50462827699325 2
58.0022792404755 5.44907627118804 1.14385064928804 1.51294838799681 2
12.7529880117452 7.09414681782546 2.30703675736093 1.96437534231671 2
15.4389849677515 8.19283598230516 3.5693389608379 3.02670717057915 2
13.7842228311554 7.58843948609406 1.88228804890853 0.726326057191623 2
10.987446852484 6.60853356423411 1.20171138241117 0.560656800986578 2
12.8762878392768 6.53739289943562 1.76586807378075 0.450079708015505 2
10.5659462730173 5.91137148970736 2.09423149862723 1.31691550887728 2
14.546057204534 7.75989506121351 3.04698462949003 3.11406723469073 2
11.2877415616526 5.90617640496744 1.22479669745923 0.407655776109262 2
9.27783428079302 5.66032196825006 0.319084906004134 0.570134296018181 2
14.5769160725044 6.87364326661202 2.52372523532709 1.06101406114413 2
9.44678550743692 5.89097090751961 1.01693014850081 -0.0323949155536301 2
15.7499906005116 7.44353641111014 2.75792242814398 1.83733803032075 2
64.393762454104 8.40572462027379 3.80397964908206 2.57538554787347 2
13.1117322331705 7.82163312366367 3.28781478528787 2.37691166070177 2
7.421789600407 6.74094991690594 1.02207095195475 1.12664085001925 2
6.12173520976864 6.67325019054551 0.985961419022396 -0.329579151133396 2
9.9688851014756 6.76391962532099 1.5540802505893 0.559191846518742 2
7.02742994243983 5.89334175305841 1.34021392043592 0.529227281583907 2
12.0317667339283 7.99987205443278 2.02796911465654 0.420825892923395 2
6.38992895518953 6.6197017938198 1.35165679161221 0.886590533154079 2
8.72769363389406 7.4647074889721 2.32632469353874 1.19307558384068 2
6.28040677275176 6.21842794377772 1.79459588894632 2.04235712895046 2
9.65344630170266 6.33156604720833 1.55368966639304 -0.22869229079509 3
10.9079298685802 8.06676786536494 2.73602326780238 2.78768514737319 3
13.2000198399385 8.26609771393713 3.76050934024423 2.19028027952119 3
7.88875736482622 6.01441151358891 1.29068370902021 0.00385796337766542 3
4.85546355455839 5.83094924861659 0.339892374095616 -0.404435749140758 3
10.1685074757967 6.26928685009987 2.63057853254621 0.910861774798724 3
12.9188424079073 8.38094070294953 3.12014704827612 1.67916147417285 3
10.7258550565175 7.0260143014503 1.6886419262793 -0.399815876274302 3
7.7101012643621 5.60057804159731 1.2111988805412 0.60791163923539 3
12.7272458654977 6.61199059799693 2.31747714533015 -0.346034435677372 3
5.58580078975411 4.88274914677491 1.20328430400641 0.73529745659254 3
11.5703479155492 7.1368073212788 1.37945824646322 0.380867762086967 3
14.4100695287362 8.11377187814241 4.01314718609584 2.4392953313234 3
6.36545466483875 6.06598176994983 -0.108088803220636 -1.19091049238943 3
8.27930027148272 6.67256569400513 1.61939898656688 0.970462772529817 3
13.4838825652151 7.20674763873723 3.53208464522614 0.60637789683224 3
10.5762944014716 7.70951108165513 2.95315064060397 1.13631468412468 3
11.1653850339893 8.12720418081315 2.69783977303266 2.00238840962897 3
9.0849985032047 5.77853571522371 1.33589223867212 0.0209523563262908 3
9.48893383875988 7.09605938073958 1.83336423339674 0.572383209393362 3
13.2893282177021 8.04774203468875 1.37086651231466 0.325085216481499 3
15.0968111212226 8.85172954480238 3.69579483935011 0.091906465904752 3
8.57382172458835 7.59397897992638 1.20822418295594 0.127036481120518 3
16.01615271928 8.27047530696898 3.72542742098198 0.702258033326615 3
10.7215028991942 7.44212847537576 2.74250406977999 1.23862769719494 3
16.9875141383956 8.93482101848697 3.7790201735062 1.59049623165607 3
11.0697121059638 8.13303130184445 2.6346754998761 1.55914000981845 3
8.93285962291727 6.42272118559475 1.76081834429546 1.41650639386687 3
12.9075941894854 8.07686723698894 3.14686199206808 1.58777650735515 3
8.33232527695747 6.86318046619862 1.17341760358923 0.0663435845729284 3
8.5785940150383 6.91898597930741 2.64868522865983 2.32143317234516 3
15.836390986923 9.12662061637152 3.29468544793282 2.0521324426201 3
14.2264057744775 8.26906453073155 4.23971223207772 2.68627064534711 3
13.4283884857401 7.49846208247581 2.59139148417304 1.7392267845488 3
11.798531282416 6.13857921722018 1.64203902070679 -0.60707186553352 3
6.07914867691422 6.38447393866035 1.5292901155036 1.26977607922141 3
9.12170710652526 7.02170763367133 1.64238972519874 1.50798517327548 3
13.1071634542895 8.02503821409335 3.14455852704698 1.85087941097304 3
4.00620079126656 6.89803117618034 1.15856249253098 1.86800202025193 3
8.38858827068234 7.69955614248604 1.43394263691123 0.5046899307661 3
12.100481870174 6.74119545467952 2.66054021234303 1.42281793612913 3
8.57452780892563 6.0397825128656 1.27179649734917 0.982460806998413 3
4.05296248769191 6.07544059057179 0.448178058002072 -0.281453082415104 3
5.59972607582405 6.31021614693376 0.711247312994534 -0.37303488404279 3
12.025690344291 8.12945528749686 2.61079026291171 2.28801921653054 3
14.0292010622844 8.43506504455817 5.29416673806712 3.63707576157883 3
14.478683212741 8.1456610926004 2.4274104522908 0.930429774833204 3
14.0451661687933 8.05071399646676 2.64491665207782 1.48422354661021 3
11.3068200822935 6.64400187244034 1.79352311354489 1.71723002756907 3
8.61904924201607 6.5754073177441 2.7905183990132 2.48330809919072 3